33 0.22152777777777777 0.33958333333333335 0.02638888888888889 0.05416666666666667
10 0.24944444444444444 0.33958333333333335 0.02638888888888889 0.05416666666666667
16 0.2773611111111111 0.33958333333333335 0.02638888888888889 0.05416666666666667
32 0.30527777777777776 0.33958333333333335 0.02638888888888889 0.05416666666666667
26 0.33319444444444446 0.33958333333333335 0.02638888888888889 0.05416666666666667
30 0.3611111111111111 0.33958333333333335 0.02638888888888889 0.05416666666666667
3 0.38902777777777775 0.33958333333333335 0.02638888888888889 0.05416666666666667
25 0.41680555555555554 0.33875 0.026111111111111113 0.0525
5 0.4448611111111111 0.33958333333333335 0.02638888888888889 0.05416666666666667
25 0.4726388888888889 0.33875 0.026111111111111113 0.0525
11 0.5006944444444444 0.33958333333333335 0.02638888888888889 0.05416666666666667
