29 0.13819444444444445 0.46458333333333335 0.02638888888888889 0.05416666666666667
23 0.17152777777777778 0.46458333333333335 0.02638888888888889 0.05416666666666667
16 0.2048611111111111 0.46458333333333335 0.02638888888888889 0.05416666666666667
12 0.23819444444444443 0.46458333333333335 0.02638888888888889 0.05416666666666667
25 0.2713888888888889 0.46375 0.026111111111111113 0.0525
13 0.30486111111111114 0.46458333333333335 0.02638888888888889 0.05416666666666667
25 0.33805555555555555 0.46375 0.026111111111111113 0.0525
33 0.3715277777777778 0.46458333333333335 0.02638888888888889 0.05416666666666667
28 0.4048611111111111 0.46458333333333335 0.02638888888888889 0.05416666666666667
29 0.43819444444444444 0.46458333333333335 0.02638888888888889 0.05416666666666667
26 0.47152777777777777 0.46458333333333335 0.02638888888888889 0.05416666666666667
