25 0.057833333333333334 0.05325 0.015666666666666666 0.0315
21 0.10791666666666666 0.09125 0.015833333333333335 0.0325
4 0.15791666666666668 0.12875 0.015833333333333335 0.0325
9 0.20791666666666667 0.16625 0.015833333333333335 0.0325
22 0.2579166666666667 0.20375 0.015833333333333335 0.0325
19 0.30791666666666667 0.24125 0.015833333333333335 0.0325
20 0.35791666666666666 0.27875 0.015833333333333335 0.0325
16 0.40791666666666665 0.31625 0.015833333333333335 0.0325
21 0.4579166666666667 0.35375 0.015833333333333335 0.0325
9 0.5079166666666667 0.39125 0.015833333333333335 0.0325
27 0.5579166666666666 0.42875 0.015833333333333335 0.0325
25 0.6078333333333333 0.46575 0.015666666666666666 0.0315
9 0.6579166666666667 0.50375 0.015833333333333335 0.0325
29 0.7079166666666666 0.54125 0.015833333333333335 0.0325
13 0.7579166666666667 0.57875 0.015833333333333335 0.0325
