11 0.06458333333333334 0.26875 0.07916666666666666 0.1625
4 0.14833333333333334 0.26875 0.07916666666666666 0.1625
6 0.23208333333333334 0.26875 0.07916666666666666 0.1625
25 0.3154166666666667 0.26625 0.07833333333333334 0.1575
24 0.39958333333333335 0.26875 0.07916666666666666 0.1625
0 0.48333333333333334 0.26875 0.07916666666666666 0.1625
14 0.5670833333333334 0.26875 0.07916666666666666 0.1625
14 0.6508333333333334 0.26875 0.07916666666666666 0.1625
32 0.7345833333333334 0.26875 0.07916666666666666 0.1625
9 0.8183333333333334 0.26875 0.07916666666666666 0.1625
18 0.9020833333333333 0.26875 0.07916666666666666 0.1625
