14 0.13819444444444445 0.46458333333333335 0.02638888888888889 0.05416666666666667
12 0.17152777777777778 0.46458333333333335 0.02638888888888889 0.05416666666666667
27 0.2048611111111111 0.46458333333333335 0.02638888888888889 0.05416666666666667
17 0.23819444444444443 0.46458333333333335 0.02638888888888889 0.05416666666666667
1 0.27152777777777776 0.46458333333333335 0.02638888888888889 0.05416666666666667
22 0.30486111111111114 0.46458333333333335 0.02638888888888889 0.05416666666666667
32 0.33819444444444446 0.46458333333333335 0.02638888888888889 0.05416666666666667
25 0.3713888888888889 0.46375 0.026111111111111113 0.0525
31 0.4048611111111111 0.46458333333333335 0.02638888888888889 0.05416666666666667
31 0.43819444444444444 0.46458333333333335 0.02638888888888889 0.05416666666666667
32 0.47152777777777777 0.46458333333333335 0.02638888888888889 0.05416666666666667
