15 0.057916666666666665 0.05375 0.015833333333333335 0.0325
26 0.10791666666666666 0.09125 0.015833333333333335 0.0325
11 0.15791666666666668 0.12875 0.015833333333333335 0.0325
16 0.20791666666666667 0.16625 0.015833333333333335 0.0325
5 0.2579166666666667 0.20375 0.015833333333333335 0.0325
21 0.30791666666666667 0.24125 0.015833333333333335 0.0325
4 0.35791666666666666 0.27875 0.015833333333333335 0.0325
7 0.40791666666666665 0.31625 0.015833333333333335 0.0325
9 0.4579166666666667 0.35375 0.015833333333333335 0.0325
3 0.5079166666666667 0.39125 0.015833333333333335 0.0325
25 0.5578333333333333 0.42825 0.015666666666666666 0.0315
7 0.6079166666666667 0.46625 0.015833333333333335 0.0325
9 0.6579166666666667 0.50375 0.015833333333333335 0.0325
27 0.7079166666666666 0.54125 0.015833333333333335 0.0325
17 0.7579166666666667 0.57875 0.015833333333333335 0.0325
