28 0.13819444444444445 0.46458333333333335 0.02638888888888889 0.05416666666666667
30 0.17152777777777778 0.46458333333333335 0.02638888888888889 0.05416666666666667
22 0.2048611111111111 0.46458333333333335 0.02638888888888889 0.05416666666666667
29 0.23819444444444443 0.46458333333333335 0.02638888888888889 0.05416666666666667
18 0.27152777777777776 0.46458333333333335 0.02638888888888889 0.05416666666666667
6 0.30486111111111114 0.46458333333333335 0.02638888888888889 0.05416666666666667
12 0.33819444444444446 0.46458333333333335 0.02638888888888889 0.05416666666666667
30 0.3715277777777778 0.46458333333333335 0.02638888888888889 0.05416666666666667
6 0.4048611111111111 0.46458333333333335 0.02638888888888889 0.05416666666666667
21 0.43819444444444444 0.46458333333333335 0.02638888888888889 0.05416666666666667
25 0.4713888888888889 0.46375 0.026111111111111113 0.0525
