7 0.060833333333333336 0.049375 0.021666666666666667 0.02375
23 0.11083333333333334 0.086875 0.021666666666666667 0.02375
29 0.16083333333333333 0.124375 0.021666666666666667 0.02375
4 0.21083333333333334 0.161875 0.021666666666666667 0.02375
29 0.2608333333333333 0.199375 0.021666666666666667 0.02375
25 0.3105 0.23675 0.021 0.0235
13 0.36083333333333334 0.274375 0.021666666666666667 0.02375
29 0.41083333333333333 0.311875 0.021666666666666667 0.02375
16 0.4608333333333333 0.349375 0.021666666666666667 0.02375
2 0.5108333333333334 0.386875 0.021666666666666667 0.02375
