15 0.06458333333333334 0.26875 0.07916666666666666 0.1625
16 0.14833333333333334 0.26875 0.07916666666666666 0.1625
23 0.23208333333333334 0.26875 0.07916666666666666 0.1625
25 0.3154166666666667 0.26625 0.07833333333333334 0.1575
21 0.39958333333333335 0.26875 0.07916666666666666 0.1625
16 0.48333333333333334 0.26875 0.07916666666666666 0.1625
26 0.5670833333333334 0.26875 0.07916666666666666 0.1625
4 0.6508333333333334 0.26875 0.07916666666666666 0.1625
0 0.7345833333333334 0.26875 0.07916666666666666 0.1625
24 0.8183333333333334 0.26875 0.07916666666666666 0.1625
25 0.9016666666666666 0.26625 0.07833333333333334 0.1575
