31 0.060833333333333336 0.049375 0.021666666666666667 0.02375
24 0.11083333333333334 0.086875 0.021666666666666667 0.02375
17 0.16083333333333333 0.124375 0.021666666666666667 0.02375
7 0.21083333333333334 0.161875 0.021666666666666667 0.02375
10 0.2608333333333333 0.199375 0.021666666666666667 0.02375
25 0.3105 0.23675 0.021 0.0235
8 0.36083333333333334 0.274375 0.021666666666666667 0.02375
13 0.41083333333333333 0.311875 0.021666666666666667 0.02375
20 0.4608333333333333 0.349375 0.021666666666666667 0.02375
15 0.5108333333333334 0.386875 0.021666666666666667 0.02375
