4 0.13819444444444445 0.46458333333333335 0.02638888888888889 0.05416666666666667
25 0.1713888888888889 0.46375 0.026111111111111113 0.0525
17 0.2048611111111111 0.46458333333333335 0.02638888888888889 0.05416666666666667
25 0.23805555555555555 0.46375 0.026111111111111113 0.0525
16 0.27152777777777776 0.46458333333333335 0.02638888888888889 0.05416666666666667
11 0.30486111111111114 0.46458333333333335 0.02638888888888889 0.05416666666666667
15 0.33819444444444446 0.46458333333333335 0.02638888888888889 0.05416666666666667
14 0.3715277777777778 0.46458333333333335 0.02638888888888889 0.05416666666666667
24 0.4048611111111111 0.46458333333333335 0.02638888888888889 0.05416666666666667
17 0.43819444444444444 0.46458333333333335 0.02638888888888889 0.05416666666666667
7 0.47152777777777777 0.46458333333333335 0.02638888888888889 0.05416666666666667
