20 0.13819444444444445 0.46458333333333335 0.02638888888888889 0.05416666666666667
33 0.17152777777777778 0.46458333333333335 0.02638888888888889 0.05416666666666667
31 0.2048611111111111 0.46458333333333335 0.02638888888888889 0.05416666666666667
29 0.23819444444444443 0.46458333333333335 0.02638888888888889 0.05416666666666667
20 0.27152777777777776 0.46458333333333335 0.02638888888888889 0.05416666666666667
25 0.3047222222222222 0.46375 0.026111111111111113 0.0525
28 0.33819444444444446 0.46458333333333335 0.02638888888888889 0.05416666666666667
16 0.3715277777777778 0.46458333333333335 0.02638888888888889 0.05416666666666667
15 0.4048611111111111 0.46458333333333335 0.02638888888888889 0.05416666666666667
10 0.43819444444444444 0.46458333333333335 0.02638888888888889 0.05416666666666667
16 0.47152777777777777 0.46458333333333335 0.02638888888888889 0.05416666666666667
