9 0.06458333333333334 0.26875 0.07916666666666666 0.1625
24 0.14833333333333334 0.26875 0.07916666666666666 0.1625
2 0.23208333333333334 0.26875 0.07916666666666666 0.1625
32 0.31583333333333335 0.26875 0.07916666666666666 0.1625
8 0.39958333333333335 0.26875 0.07916666666666666 0.1625
33 0.48333333333333334 0.26875 0.07916666666666666 0.1625
1 0.5670833333333334 0.26875 0.07916666666666666 0.1625
30 0.6508333333333334 0.26875 0.07916666666666666 0.1625
6 0.7345833333333334 0.26875 0.07916666666666666 0.1625
28 0.8183333333333334 0.26875 0.07916666666666666 0.1625
15 0.9020833333333333 0.26875 0.07916666666666666 0.1625
