30 0.06458333333333334 0.26875 0.07916666666666666 0.1625
33 0.14833333333333334 0.26875 0.07916666666666666 0.1625
17 0.23208333333333334 0.26875 0.07916666666666666 0.1625
5 0.31583333333333335 0.26875 0.07916666666666666 0.1625
23 0.39958333333333335 0.26875 0.07916666666666666 0.1625
11 0.48333333333333334 0.26875 0.07916666666666666 0.1625
15 0.5670833333333334 0.26875 0.07916666666666666 0.1625
26 0.6508333333333334 0.26875 0.07916666666666666 0.1625
19 0.7345833333333334 0.26875 0.07916666666666666 0.1625
28 0.8183333333333334 0.26875 0.07916666666666666 0.1625
17 0.9020833333333333 0.26875 0.07916666666666666 0.1625
