0 0.22152777777777777 0.33958333333333335 0.02638888888888889 0.05416666666666667
7 0.24944444444444444 0.33958333333333335 0.02638888888888889 0.05416666666666667
15 0.2773611111111111 0.33958333333333335 0.02638888888888889 0.05416666666666667
29 0.30527777777777776 0.33958333333333335 0.02638888888888889 0.05416666666666667
20 0.33319444444444446 0.33958333333333335 0.02638888888888889 0.05416666666666667
29 0.3611111111111111 0.33958333333333335 0.02638888888888889 0.05416666666666667
5 0.38902777777777775 0.33958333333333335 0.02638888888888889 0.05416666666666667
25 0.41680555555555554 0.33875 0.026111111111111113 0.0525
17 0.4448611111111111 0.33958333333333335 0.02638888888888889 0.05416666666666667
2 0.4727777777777778 0.33958333333333335 0.02638888888888889 0.05416666666666667
29 0.5006944444444444 0.33958333333333335 0.02638888888888889 0.05416666666666667
