5 0.06458333333333334 0.26875 0.07916666666666666 0.1625
29 0.14833333333333334 0.26875 0.07916666666666666 0.1625
16 0.23208333333333334 0.26875 0.07916666666666666 0.1625
12 0.31583333333333335 0.26875 0.07916666666666666 0.1625
8 0.39958333333333335 0.26875 0.07916666666666666 0.1625
32 0.48333333333333334 0.26875 0.07916666666666666 0.1625
20 0.5670833333333334 0.26875 0.07916666666666666 0.1625
16 0.6508333333333334 0.26875 0.07916666666666666 0.1625
26 0.7345833333333334 0.26875 0.07916666666666666 0.1625
7 0.8183333333333334 0.26875 0.07916666666666666 0.1625
18 0.9020833333333333 0.26875 0.07916666666666666 0.1625
