19 0.057724252491694356 0.05327056491575818 0.015780730897009966 0.03221010901883053
22 0.10755813953488372 0.09043607532210109 0.015780730897009966 0.03221010901883053
20 0.15739202657807308 0.12760158572844402 0.015780730897009966 0.03221010901883053
25 0.20714285714285716 0.16427155599603568 0.015614617940199336 0.031219028741328047
1 0.25705980066445183 0.20193260654112982 0.015780730897009966 0.03221010901883053
7 0.3068936877076412 0.23909811694747274 0.015780730897009966 0.03221010901883053
0 0.35672757475083056 0.27626362735381566 0.015780730897009966 0.03221010901883053
25 0.40647840531561463 0.3129335976214073 0.015614617940199336 0.031219028741328047
17 0.4563953488372093 0.3505946481665015 0.015780730897009966 0.03221010901883053
12 0.5062292358803987 0.3877601585728444 0.015780730897009966 0.03221010901883053
6 0.5560631229235881 0.4249256689791873 0.015780730897009966 0.03221010901883053
8 0.6058970099667774 0.46209117938553024 0.015780730897009966 0.03221010901883053
25 0.6556478405315614 0.4987611496531219 0.015614617940199336 0.031219028741328047
12 0.7055647840531561 0.5364222001982161 0.015780730897009966 0.03221010901883053
8 0.7553986710963455 0.5735877106045589 0.015780730897009966 0.03221010901883053
