32 0.060833333333333336 0.049375 0.021666666666666667 0.02375
5 0.11083333333333334 0.086875 0.021666666666666667 0.02375
11 0.16083333333333333 0.124375 0.021666666666666667 0.02375
9 0.21083333333333334 0.161875 0.021666666666666667 0.02375
29 0.2608333333333333 0.199375 0.021666666666666667 0.02375
29 0.31083333333333335 0.236875 0.021666666666666667 0.02375
2 0.36083333333333334 0.274375 0.021666666666666667 0.02375
30 0.41083333333333333 0.311875 0.021666666666666667 0.02375
4 0.4608333333333333 0.349375 0.021666666666666667 0.02375
2 0.5108333333333334 0.386875 0.021666666666666667 0.02375
