25 0.057833333333333334 0.05325 0.015666666666666666 0.0315
12 0.10791666666666666 0.09125 0.015833333333333335 0.0325
18 0.15791666666666668 0.12875 0.015833333333333335 0.0325
33 0.20791666666666667 0.16625 0.015833333333333335 0.0325
25 0.25783333333333336 0.20325 0.015666666666666666 0.0315
6 0.30791666666666667 0.24125 0.015833333333333335 0.0325
25 0.35783333333333334 0.27825 0.015666666666666666 0.0315
1 0.40791666666666665 0.31625 0.015833333333333335 0.0325
17 0.4579166666666667 0.35375 0.015833333333333335 0.0325
2 0.5079166666666667 0.39125 0.015833333333333335 0.0325
6 0.5579166666666666 0.42875 0.015833333333333335 0.0325
18 0.6079166666666667 0.46625 0.015833333333333335 0.0325
24 0.6579166666666667 0.50375 0.015833333333333335 0.0325
27 0.7079166666666666 0.54125 0.015833333333333335 0.0325
23 0.7579166666666667 0.57875 0.015833333333333335 0.0325
