27 0.057916666666666665 0.05375 0.015833333333333335 0.0325
14 0.10791666666666666 0.09125 0.015833333333333335 0.0325
23 0.15791666666666668 0.12875 0.015833333333333335 0.0325
22 0.20791666666666667 0.16625 0.015833333333333335 0.0325
7 0.2579166666666667 0.20375 0.015833333333333335 0.0325
6 0.30791666666666667 0.24125 0.015833333333333335 0.0325
12 0.35791666666666666 0.27875 0.015833333333333335 0.0325
25 0.4078333333333333 0.31575 0.015666666666666666 0.0315
15 0.4579166666666667 0.35375 0.015833333333333335 0.0325
10 0.5079166666666667 0.39125 0.015833333333333335 0.0325
23 0.5579166666666666 0.42875 0.015833333333333335 0.0325
7 0.6079166666666667 0.46625 0.015833333333333335 0.0325
25 0.6578333333333334 0.50325 0.015666666666666666 0.0315
12 0.7079166666666666 0.54125 0.015833333333333335 0.0325
25 0.7578333333333334 0.57825 0.015666666666666666 0.0315
