8 0.06458333333333334 0.26875 0.07916666666666666 0.1625
25 0.14791666666666667 0.26625 0.07833333333333334 0.1575
26 0.23208333333333334 0.26875 0.07916666666666666 0.1625
0 0.31583333333333335 0.26875 0.07916666666666666 0.1625
3 0.39958333333333335 0.26875 0.07916666666666666 0.1625
32 0.48333333333333334 0.26875 0.07916666666666666 0.1625
26 0.5670833333333334 0.26875 0.07916666666666666 0.1625
12 0.6508333333333334 0.26875 0.07916666666666666 0.1625
30 0.7345833333333334 0.26875 0.07916666666666666 0.1625
16 0.8183333333333334 0.26875 0.07916666666666666 0.1625
1 0.9020833333333333 0.26875 0.07916666666666666 0.1625
