16 0.22152777777777777 0.33958333333333335 0.02638888888888889 0.05416666666666667
20 0.24944444444444444 0.33958333333333335 0.02638888888888889 0.05416666666666667
26 0.2773611111111111 0.33958333333333335 0.02638888888888889 0.05416666666666667
6 0.30527777777777776 0.33958333333333335 0.02638888888888889 0.05416666666666667
20 0.33319444444444446 0.33958333333333335 0.02638888888888889 0.05416666666666667
29 0.3611111111111111 0.33958333333333335 0.02638888888888889 0.05416666666666667
25 0.3888888888888889 0.33875 0.026111111111111113 0.0525
32 0.41694444444444445 0.33958333333333335 0.02638888888888889 0.05416666666666667
33 0.4448611111111111 0.33958333333333335 0.02638888888888889 0.05416666666666667
20 0.4727777777777778 0.33958333333333335 0.02638888888888889 0.05416666666666667
3 0.5006944444444444 0.33958333333333335 0.02638888888888889 0.05416666666666667
