5 0.057724252491694356 0.05327056491575818 0.015780730897009966 0.03221010901883053
27 0.10755813953488372 0.09043607532210109 0.015780730897009966 0.03221010901883053
11 0.15739202657807308 0.12760158572844402 0.015780730897009966 0.03221010901883053
17 0.20722591362126247 0.1647670961347869 0.015780730897009966 0.03221010901883053
22 0.25705980066445183 0.20193260654112982 0.015780730897009966 0.03221010901883053
16 0.3068936877076412 0.23909811694747274 0.015780730897009966 0.03221010901883053
16 0.35672757475083056 0.27626362735381566 0.015780730897009966 0.03221010901883053
15 0.4065614617940199 0.31342913776015857 0.015780730897009966 0.03221010901883053
23 0.4563953488372093 0.3505946481665015 0.015780730897009966 0.03221010901883053
14 0.5062292358803987 0.3877601585728444 0.015780730897009966 0.03221010901883053
9 0.5560631229235881 0.4249256689791873 0.015780730897009966 0.03221010901883053
21 0.6058970099667774 0.46209117938553024 0.015780730897009966 0.03221010901883053
22 0.6557308970099668 0.49925668979187315 0.015780730897009966 0.03221010901883053
28 0.7055647840531561 0.5364222001982161 0.015780730897009966 0.03221010901883053
26 0.7553986710963455 0.5735877106045589 0.015780730897009966 0.03221010901883053
