25 0.0605 0.04925 0.021 0.0235
12 0.11083333333333334 0.086875 0.021666666666666667 0.02375
20 0.16083333333333333 0.124375 0.021666666666666667 0.02375
18 0.21083333333333334 0.161875 0.021666666666666667 0.02375
1 0.2608333333333333 0.199375 0.021666666666666667 0.02375
17 0.31083333333333335 0.236875 0.021666666666666667 0.02375
32 0.36083333333333334 0.274375 0.021666666666666667 0.02375
33 0.41083333333333333 0.311875 0.021666666666666667 0.02375
12 0.4608333333333333 0.349375 0.021666666666666667 0.02375
27 0.5108333333333334 0.386875 0.021666666666666667 0.02375
