28 0.06458333333333334 0.26875 0.07916666666666666 0.1625
27 0.14833333333333334 0.26875 0.07916666666666666 0.1625
11 0.23208333333333334 0.26875 0.07916666666666666 0.1625
25 0.3154166666666667 0.26625 0.07833333333333334 0.1575
18 0.39958333333333335 0.26875 0.07916666666666666 0.1625
29 0.48333333333333334 0.26875 0.07916666666666666 0.1625
8 0.5670833333333334 0.26875 0.07916666666666666 0.1625
9 0.6508333333333334 0.26875 0.07916666666666666 0.1625
1 0.7345833333333334 0.26875 0.07916666666666666 0.1625
22 0.8183333333333334 0.26875 0.07916666666666666 0.1625
12 0.9020833333333333 0.26875 0.07916666666666666 0.1625
