18 0.22152777777777777 0.33958333333333335 0.02638888888888889 0.05416666666666667
15 0.24944444444444444 0.33958333333333335 0.02638888888888889 0.05416666666666667
13 0.2773611111111111 0.33958333333333335 0.02638888888888889 0.05416666666666667
11 0.30527777777777776 0.33958333333333335 0.02638888888888889 0.05416666666666667
14 0.33319444444444446 0.33958333333333335 0.02638888888888889 0.05416666666666667
27 0.3611111111111111 0.33958333333333335 0.02638888888888889 0.05416666666666667
24 0.38902777777777775 0.33958333333333335 0.02638888888888889 0.05416666666666667
6 0.41694444444444445 0.33958333333333335 0.02638888888888889 0.05416666666666667
7 0.4448611111111111 0.33958333333333335 0.02638888888888889 0.05416666666666667
29 0.4727777777777778 0.33958333333333335 0.02638888888888889 0.05416666666666667
23 0.5006944444444444 0.33958333333333335 0.02638888888888889 0.05416666666666667
