10 0.060833333333333336 0.049375 0.021666666666666667 0.02375
7 0.11083333333333334 0.086875 0.021666666666666667 0.02375
7 0.16083333333333333 0.124375 0.021666666666666667 0.02375
3 0.21083333333333334 0.161875 0.021666666666666667 0.02375
23 0.2608333333333333 0.199375 0.021666666666666667 0.02375
23 0.31083333333333335 0.236875 0.021666666666666667 0.02375
24 0.36083333333333334 0.274375 0.021666666666666667 0.02375
11 0.41083333333333333 0.311875 0.021666666666666667 0.02375
25 0.4605 0.34925 0.021 0.0235
12 0.5108333333333334 0.386875 0.021666666666666667 0.02375
