21 0.0606312292358804 0.048934588701684836 0.02159468438538206 0.023538156590683847
12 0.11046511627906977 0.08610009910802775 0.02159468438538206 0.023538156590683847
5 0.16029900332225913 0.12326560951437067 0.02159468438538206 0.023538156590683847
27 0.2101328903654485 0.16043111992071357 0.02159468438538206 0.023538156590683847
6 0.2599667774086379 0.1975966303270565 0.02159468438538206 0.023538156590683847
31 0.30980066445182725 0.2347621407333994 0.02159468438538206 0.023538156590683847
28 0.3596345514950166 0.2719276511397423 0.02159468438538206 0.023538156590683847
27 0.40946843853820597 0.30909316154608524 0.02159468438538206 0.023538156590683847
13 0.45930232558139533 0.34625867195242815 0.02159468438538206 0.023538156590683847
25 0.5088039867109635 0.3833002973240833 0.020930232558139535 0.023290386521308225
12 0.5589700996677741 0.420589692765114 0.02159468438538206 0.023538156590683847
9 0.6088039867109635 0.4577552031714569 0.02159468438538206 0.023538156590683847
8 0.6586378737541528 0.4949207135777998 0.02159468438538206 0.023538156590683847
18 0.7084717607973422 0.5320862239841427 0.02159468438538206 0.023538156590683847
32 0.7583056478405316 0.5692517343904856 0.02159468438538206 0.023538156590683847
